class;1_1_2_2;1_1_3_2;1_1_5_0;1_1_5_2;2_1_2_0;2_1_3_2;2_1_5_2
0;3278;3212;2022;3243;2395;3426;3456
0;3278;3226;2031;3252;2323;3428;3454
0;3269;3226;2032;3254;2316;3438;3458
0;3274;3237;2034;3254;2312;3438;3459
0;3276;3236;2037;3255;2311;3435;3453
0;3276;3234;2035;3253;2306;3435;3451
0;3288;3222;2036;3254;2306;3432;3452
0;3288;3222;2047;3259;2311;3432;3454
0;3284;3242;2049;3261;2335;3416;3452
0;3284;3242;2049;3262;2335;3416;3458
0;3283;3246;2050;3262;2312;3430;3460
0;3276;3240;2045;3260;2317;3430;3455
0;3283;3240;2044;3261;2317;3440;3457
0;3283;3224;2042;3258;2310;3441;3459
0;3272;3224;2035;3255;2311;3439;3458
0;3282;3234;2035;3256;2317;3429;3456
0;3282;3237;2040;3254;2317;3429;3455
0;3274;3237;2038;3254;2309;3437;3456
0;3274;3237;2035;3254;2315;3438;3456
0;3266;3237;2031;3251;2315;3431;3455
0;3272;3236;2030;3251;2314;3426;3452
0;3278;3235;2029;3252;2312;3426;3457
0;3284;3235;2036;3260;2318;3430;3461
0;3290;3244;2056;3269;2320;3436;3459
0;3293;3244;2062;3269;2320;3434;3460
0;3293;3244;2061;3266;2335;3434;3462
0;3288;3246;2062;3267;2335;3440;3465
0;3288;3255;2062;3268;2331;3442;3465
0;3284;3252;2062;3268;2323;3446;3464
0;3302;3239;2059;3266;2323;3446;3464
0;3302;3239;2050;3264;2323;3444;3463
0;3286;3244;2048;3264;2327;3436;3462
0;3302;3245;2056;3266;2348;3436;3464
0;3302;3241;2061;3266;2348;3439;3463
0;3290;3241;2055;3265;2336;3438;3461
0;3286;3244;2051;3264;2330;3438;3463
0;3295;3244;2051;3263;2325;3438;3465
0;3295;3246;2052;3265;2325;3434;3463
0;3292;3240;2056;3266;2323;3434;3462
0;3286;3240;2055;3267;2323;3436;3459
0;3286;3247;2056;3267;2331;3436;3459
0;3282;3253;2060;3266;2331;3448;3464
0;3285;3246;2059;3265;2326;3444;3465
0;3285;3246;2058;3266;2327;3444;3462
0;3288;3242;2061;3268;2333;3444;3462
0;3290;3242;2062;3267;2334;3444;3464
0;3290;3254;2058;3267;2339;3447;3465
0;3287;3236;2058;3268;2339;3447;3467
0;3288;3236;2058;3268;2322;3446;3466
0;3288;3243;2049;3265;2321;3437;3461
0;3277;3247;2047;3262;2321;3437;3462
0;3280;3247;2054;3264;2328;3448;3464
0;3280;3235;2054;3265;2328;3447;3463
0;3280;3235;2050;3263;2320;3430;3462
0;3278;3245;2050;3263;2329;3430;3463
0;3280;3242;2051;3264;2330;3436;3462
0;3286;3242;2050;3264;2330;3436;3464
0;3287;3248;2049;3265;2332;3444;3467
0;3287;3239;2047;3263;2332;3444;3467
0;3602;2870;2022;3239;2576;3288;3468
3;3602;2870;1920;3190;4095;2887;3492
3;3670;2800;1853;3168;4095;2887;3487
3;3670;2800;1882;3141;4095;2740;3479
3;3615;2816;1868;3133;4095;2740;3508
3;3642;2776;1837;3168;4095;2752;3519
3;3680;2776;1864;3148;4095;2752;3433
3;3680;2756;1843;3128;4095;2615;3409
3;3648;2756;1826;3147;4095;2615;3502
3;3586;2799;1842;3119;4016;2907;3495
3;3628;2799;1829;3135;4095;2907;3524
3;3674;2824;1864;3163;4095;2855;3501
3;3774;2623;1862;3117;4095;2779;3447
3;3774;2623;1831;3131;4095;2769;3478
3;3758;2826;1845;3144;4095;2743;3471
3;3564;2739;1832;3133;4095;2743;3486
3;3564;2739;1834;3149;4066;2860;3467
3;3575;2824;1852;3127;4095;2824;3431
3;3726;2756;1830;3136;4095;2699;3454
3;3726;2756;1845;3155;4095;2602;3475
3;3628;2735;1863;3120;4095;2508;3458
3;3626;2735;1838;3139;4095;2508;3529
3;3626;2806;1864;3166;4095;2884;3516
3;3574;2760;1861;3128;4095;2806;3445
3;3572;2712;1811;3120;4095;2623;3458
3;3536;2712;1839;3126;4095;2623;3484
3;3614;2752;1837;3111;4077;2675;3508
3;3647;2752;1793;3127;4095;2675;3555
3;3647;2626;1817;3115;4095;2530;3494
3;3590;2626;1815;3091;4095;2530;3469
3;3580;2690;1781;3114;4095;2762;3511
3;3535;2740;1781;3093;4095;2832;3464
3;3535;2740;1773;3084;4095;2832;3541
3;3600;2826;1807;3115;4095;2928;3516
3;3600;2674;1816;3095;4095;2628;3467
3;3592;2674;1788;3103;4095;2628;3512
3;3690;2749;1825;3121;4095;2758;3494
3;3690;2735;1812;3108;3980;2758;3515
3;3659;2735;1796;3133;4095;2381;3489
3;3608;2794;1819;3107;4095;2381;3454
3;3608;2700;1791;3091;4095;2832;3493
3;3572;2700;1817;3110;4095;2830;3518
3;3568;2691;1823;3108;4095;2822;3525
3;3608;2691;1801;3128;4095;2692;3543
3;3657;2683;1830;3103;4095;2692;3480
3;3657;2683;1788;3085;4095;2766;3467
3;3596;2689;1755;3075;3998;2779;3539
3;3450;2681;1738;3031;3964;2779;3540
3;3510;2622;1724;3059;4095;2850;3578
3;3522;2622;1794;3096;4095;2880;3505
3;3535;2796;1805;3082;4095;2729;3461
3;3564;2798;1777;3101;4095;2678;3530
3;3564;2742;1797;3084;4095;2678;3501
3;3449;2739;1763;3066;4095;2721;3507
3;3449;2695;1742;3083;4095;2800;3528
3;3438;2695;1747;3032;4095;2836;3489
3;3470;2734;1731;3038;4095;2788;3491
3;3470;2792;1775;3070;4095;2788;3491
3;3482;2678;1777;3066;4095;2795;3496
3;3577;2678;1763;3092;4095;2770;3517
3;3577;2667;1805;3085;4095;2754;3455
3;3530;2667;2410;3173;4095;2574;3000
10;3303;3259;2990;3282;3761;2572;2592
10;3303;3259;2989;3285;3750;2551;2588
10;3314;3268;2987;3287;3750;2551;2586
10;3315;3265;2983;3288;3750;2566;2585
10;3315;3265;2979;3288;3748;2562;2584
10;3310;3272;2980;3290;3748;2558;2583
10;3310;3260;2984;3290;3746;2556;2583
10;3308;3260;2984;3292;3753;2555;2584
10;3309;3266;2984;3292;3753;2555;2583
10;3312;3266;2981;3291;3753;2560;2583
10;3312;3272;2980;3290;3753;2560;2582
10;3314;3272;2982;3290;3753;2564;2583
10;3314;3274;2980;3291;3756;2557;2586
10;3313;3278;2973;3293;3756;2557;2584
10;3321;3269;2967;3295;3740;2558;2583
10;3321;3269;2964;3297;3759;2562;2584
10;3318;3273;2961;3299;3759;2555;2584
10;3318;3274;2964;3298;3752;2555;2583
10;3318;3275;2967;3298;3748;2564;2583
10;3318;3275;2957;3301;3748;2553;2581
10;3328;3286;2942;3309;3748;2553;2580
10;3328;3292;2934;3310;3746;2553;2580
10;3322;3285;2936;3308;3755;2553;2581
10;3334;3285;2937;3309;3755;2561;2582
10;3334;3285;2935;3309;3754;2562;2580
10;3329;3287;2938;3308;3750;2559;2580
10;3334;3285;2940;3308;3750;2556;2581
10;3334;3285;2939;3307;3746;2556;2581
10;3330;3284;2939;3307;3750;2558;2581
10;3330;3284;2940;3307;3750;2555;2580
10;3320;3288;2942;3306;3746;2555;2581
10;3347;3282;2942;3308;3748;2561;2582
10;3347;3282;2942;3308;3750;2545;2581
10;3326;3282;2944;3306;3750;2545;2579
10;3332;3281;2943;3308;3747;2559;2581
10;3334;3281;2942;3310;3746;2546;2582
10;3334;3291;2946;3308;3746;2546;2581
10;3323;3287;2945;3304;3752;2555;2582
10;3324;3287;2944;3305;3752;2558;2581
10;3338;3294;2946;3307;3743;2558;2579
10;3338;3286;2946;3306;3751;2562;2580
10;3325;3286;2943;3305;3751;2554;2579
10;3326;3282;2944;3307;3751;2554;2578
10;3326;3282;2947;3305;3752;2560;2577
10;3318;3284;2945;3304;3752;2555;2578
10;3322;3276;2944;3303;3747;2548;2579
10;3322;3276;2943;3303;3747;2544;2577
10;3320;3282;2946;3305;3746;2544;2577
10;3324;3280;2946;3305;3756;2554;2580
10;3324;3280;2942;3304;3756;2552;2577
10;3328;3282;2942;3304;3758;2552;2574
10;3328;3282;2945;3306;3758;2554;2575
10;3320;3290;2947;3305;3762;2552;2577
10;3326;3290;2945;3306;3762;2552;2577
10;3339;3286;2945;3309;3752;2552;2577
10;3339;3279;2949;3307;3750;2552;2577
10;3328;3279;2949;3306;3750;2552;2576
10;3329;3288;2946;3309;3748;2552;2575
10;3332;3281;2946;3310;3752;2552;2577
10;3332;2728;3106;3173;3752;2412;2540
20;3321;2728;3422;2902;3746;2398;2454
20;2814;2742;3573;2774;3746;2384;2406
20;2814;2742;3568;2779;3746;2375;2404
20;2802;2737;3574;2772;3742;2375;2405
20;2956;2455;3581;2755;3746;2392;2412
20;2956;2455;3582;2742;3746;2387;2417
20;2787;2586;3582;2739;3755;2387;2418
20;2778;2701;3585;2744;3755;2384;2417
20;2779;2728;3582;2754;3741;2384;2414
20;2779;2731;3582;2753;3741;2387;2412
20;2774;2711;3583;2750;3744;2383;2408
20;2774;2711;3583;2749;3744;2382;2407
20;2767;2730;3586;2746;3747;2382;2410
20;2772;2730;3586;2746;3747;2396;2412
20;2772;2730;3588;2748;3748;2394;2411
20;2772;2731;3588;2750;3748;2391;2410
20;2770;2724;3587;2748;3742;2380;2407
20;2770;2724;3588;2748;3744;2380;2405
20;2768;2721;3586;2749;3744;2379;2405
20;2764;2721;3589;2744;3747;2364;2401
20;2768;2721;3586;2745;3747;2364;2402
20;2768;2720;3584;2747;3738;2384;2404
20;2780;2720;3585;2751;3739;2382;2403
20;2780;2727;3583;2752;3750;2373;2404
20;2764;2727;3585;2748;3750;2373;2404
20;2784;2733;3585;2751;3743;2380;2403
20;2784;2728;3584;2753;3743;2380;2402
20;2792;2728;3579;2757;3739;2380;2403
20;2792;2731;3577;2761;3739;2373;2402
20;2778;2737;3582;2756;3749;2373;2401
20;2778;2725;3582;2754;3749;2373;2401
20;2778;2725;3578;2756;3738;2382;2402
20;2774;2722;3584;2748;3749;2377;2401
20;2766;2722;3586;2749;3749;2377;2398
20;2778;2731;3582;2757;3752;2379;2399
20;2778;2726;3585;2752;3752;2377;2400
20;2766;2726;3587;2750;3742;2366;2399
20;2772;2727;3583;2752;3746;2366;2398
20;2775;2724;3583;2751;3746;2376;2400
20;2783;2724;3583;2751;3738;2386;2402
20;2783;2731;3582;2753;3733;2381;2401
20;2774;2716;3583;2750;3742;2380;2400
20;2777;2716;3584;2751;3742;2380;2400
20;2777;2733;3584;2755;3749;2380;2403
20;2770;2736;3583;2752;3749;2379;2405
20;2788;2738;3583;2757;3742;2379;2405
20;2788;2736;3582;2758;3740;2368;2402
20;2778;2726;3581;2748;3740;2368;2398
20;2772;2726;3581;2748;3740;2376;2399
20;2772;2710;3583;2750;3742;2377;2399
20;2782;2710;3586;2749;3746;2377;2400
20;2782;2730;3584;2750;3746;2380;2401
20;2769;2730;3583;2749;3737;2378;2401
20;2781;2734;3581;2754;3746;2378;2401
20;2781;2722;3583;2751;3746;2374;2399
20;2780;2719;3586;2746;3742;2374;2400
20;2774;2719;3583;2750;3742;2382;2402
20;2774;2731;3583;2749;3746;2378;2402
20;2768;2729;3582;2746;3753;2376;2400
20;2774;2729;3584;2748;3753;2376;2399
